x,y,label
242,140,5
243,168,5
236,252,5
236,276,5
237,283,5
236,298,5
236,304,5
234,314,5
234,318,5
231,313,5
225,307,5
211,300,5
184,302,5
158,302,5
139,307,5
118,321,5
103,338,5
97,356,5
99,373,5
112,397,5
166,433,5
190,438,5
207,411,5
216,437,5
222,437,5
226,434,5
232,423,5
236,420,5
235,417,5
238,414,5
239,412,5
243,410,5
245,403,5
250,352,5
255,313,5
258,273,5
262,249,5
258,199,5
249,191,5
228,195,5
218,197,5
203,196,5
183,198,5
155,195,5
125,197,5
99,192,5
85,196,5
62,200,5
63,200,5
64,200,5
