x,y,label
292,130,5
290,121,5
287,129,5
287,150,5
281,182,5
279,219,5
281,250,5
280,262,5
282,273,5
288,285,5
290,293,5
290,297,5
288,294,5
276,292,5
248,287,5
230,291,5
212,298,5
205,308,5
205,320,5
218,337,5
229,347,5
247,364,5
276,386,5
291,390,5
304,390,5
313,389,5
320,386,5
320,384,5
319,386,5
319,382,5
328,364,5
335,345,5
343,292,5
348,251,5
347,218,5
346,199,5
342,179,5
339,168,5
330,161,5
314,156,5
294,162,5
264,169,5
232,185,5
210,189,5
191,194,5
180,197,5
176,196,5
175,197,5
176,197,5
