a 19 23 34 52 55 93 95 114 129 159 173 196 208 211 234
b 39 161 165 199 223 253 285 292 315 323
c 0 25 140 145 150 174 211 218 258 266 322 370 418
d 15 19 35 57 95 100 111 115 142 143 247 255 297 335 352 386 387 393 451 461 490
e 18 125 143 179 186 228 239 253 127 169 240 280
g 0 2 4 6 7 8 15 17 20 28 30 34 37 41 475057 61 62 68 70 76 78 80 85 88 92 93 94 104 112 119 123 128 145 151 159 160 163 175 179 180 177 178 183 184 190 195 196 205 212 222 224 228 232 235 240 244 247 248 261 262 266 284
h 2 3 7 21 24 25 26 29 30 34 38 41 42 46 48 52 58 63 64 70 75 82 83 85 89 93 101 104 109 112 115 120 121 126 128 138 143 149 151 158 162 163 166 173 176 177 178 182 184 190 191 192 195 200 204 211 212 217
i 3 11 20 26 29 30 48 49 53 56 58 61 63 64 65 69 79 81 83 89 91 96 104 131 148 162 164 171 172 191 195 199 225 228 241 243 244 247 264 265
j 3 6 11 16 17 31 69 75 79 202 207 208 213 219 232 243 258 259
k 4 7 9 11 13 17 18 19 22 24 26 30 31 32 35 40 46 52 59 62 63 68 70 71 87 91 92 95 97 98 100 107 108 111 114 119 124 126 127 129 136 137 144 141 146 154 156 157 161 165 166 168 175 178 181 182 183 184
l 1 3 6 7 9 11 12 14 15 20 22 24 27 28 29 33 34 35 36 37 40 47 48 49 50 52 61 65 66 76 79 80 89 90 92 97 99 101104 109 108 112 116 115 119 120 122 128 130
m 10 16 34 43 49 80 111
n 105 123
o 37 69 222 228
p 40 85 86 102 104 133 151 152 153 155 160 177 185 186
q 33 34 51 80
s 25 34 40 57 60 82 88 119
t 63 68 117 161 165 180
u 133 117 169
v 7 33 44 57 65 70 77 111 130 151 161 163 176 177 181 187 196 197 217 219 229 231 233 244 249 235 260 261 283
w 14 31 36 63 111 134 135 182 184 196 201 212
x 7 16 22 35 44 55 65 67 100 101 103 123
y 2 7 8 13 15 16 21 24 25 28 30 33 34 35 36 37 38 42 43 44 45 48 50 51 53 56 60 62 69 70 71 73 74 76 77 84 85 86 88 92 93 95 96 99 100 102 104 105 106 108 111 113 116 117 118 127 128 131 132 140 143 144 146 147 150 151 159 166 170 171 176 177 179 185 188 189 192 195 197 198 201 204 206 209 210 211  221
z 90 111
