x,y,label
204,145,4
232,181,4
243,193,4
251,197,4
268,207,4
297,238,4
312,263,4
320,273,4
327,285,4
332,301,4
331,303,4
331,305,4
331,307,4
329,307,4
329,310,4
334,309,4
335,312,4
337,313,4
337,315,4
328,315,4
295,313,4
267,313,4
206,315,4
186,316,4
161,314,4
142,317,4
138,315,4
133,316,4
135,313,4
135,312,4
139,315,4
140,313,4
144,308,4
151,306,4
160,300,4
173,289,4
187,271,4
205,249,4
214,235,4
233,202,4
246,164,4
265,104,4
271,84,4
275,80,4
271,98,4
271,106,4
263,145,4
251,245,4
246,281,4
242,318,4
234,365,4
228,390,4
230,399,4
226,409,4
227,413,4
233,430,4
234,441,4
